"Theme","Extraction Date","Replies","Views","New Replies","New Views","nPosts"
"Adolescent nutrition",2020-12-27,19,23059,0,0,13
"Adolescent nutrition",2020-12-28,19,23084,0,25,13
"Adolescent nutrition",2020-12-29,19,23125,0,41,13
"Adolescent nutrition",2020-12-30,19,23177,0,52,13
"Adolescent nutrition",2020-12-31,19,23249,0,72,13
"Adolescent nutrition",2022-01-01,31,46043,12,22794,25
"Adolescent nutrition",2022-01-02,31,46123,0,80,25
"Adolescent nutrition",2022-01-03,31,46543,0,420,25
"Adolescent nutrition",2022-01-04,31,47153,0,610,25
"Adolescent nutrition",2022-01-05,35,47695,4,542,25
"Adolescent nutrition",2022-01-06,35,47860,0,165,25
"Adolescent nutrition",2022-01-07,35,48484,0,624,25
"Adolescent nutrition",2022-01-08,35,49040,0,556,25
"Adolescent nutrition",2022-01-09,35,49674,0,634,25
"Adolescent nutrition",2022-01-10,35,50248,0,574,25
"Adolescent nutrition",2022-01-11,35,50857,0,609,25
"Adolescent nutrition",2022-01-12,35,51514,0,657,25
"Adolescent nutrition",2022-01-13,35,52060,0,546,25
"Adolescent nutrition",2022-01-14,35,52673,0,613,25
"Adolescent nutrition",2022-01-15,35,52782,0,109,25
"Announcements & Nutritionists needed",2020-12-27,0,4708284,0,0,1241
"Announcements & Nutritionists needed",2020-12-28,0,4710740,0,2456,1241
"Announcements & Nutritionists needed",2020-12-29,0,4713491,0,2751,1241
"Announcements & Nutritionists needed",2020-12-30,0,4718351,0,4860,1241
"Announcements & Nutritionists needed",2020-12-31,0,4722416,0,4065,1241
"Announcements & Nutritionists needed",2022-01-01,0,5896791,0,1174375,1341
"Announcements & Nutritionists needed",2022-01-02,0,5900906,0,4115,1341
"Announcements & Nutritionists needed",2022-01-03,0,5924333,0,23427,1341
"Announcements & Nutritionists needed",2022-01-04,0,5956680,0,32347,1341
"Announcements & Nutritionists needed",2022-01-05,0,5985752,0,29072,1341
"Announcements & Nutritionists needed",2022-01-06,0,5993659,0,7907,1341
"Announcements & Nutritionists needed",2022-01-07,0,6029067,0,35408,1341
"Announcements & Nutritionists needed",2022-01-08,0,6061827,0,32760,1341
"Announcements & Nutritionists needed",2022-01-09,0,6096232,0,34405,1341
"Announcements & Nutritionists needed",2022-01-10,0,6128681,0,32449,1341
"Announcements & Nutritionists needed",2022-01-11,0,6161218,0,32537,1341
"Announcements & Nutritionists needed",2022-01-12,0,6194329,0,33111,1341
"Announcements & Nutritionists needed",2022-01-13,0,6227817,0,33488,1341
"Announcements & Nutritionists needed",2022-01-14,0,6263265,0,35448,1341
"Announcements & Nutritionists needed",2022-01-15,0,6269974,0,6709,1341
"Assessment and Surveillance",2020-12-27,2097,2388826,0,0,456
"Assessment and Surveillance",2020-12-28,2097,2389949,0,1123,456
"Assessment and Surveillance",2020-12-29,2097,2391143,0,1194,456
"Assessment and Surveillance",2020-12-30,2097,2393233,0,2090,456
"Assessment and Surveillance",2020-12-31,2097,2395162,0,1929,456
"Assessment and Surveillance",2022-01-01,2496,3710037,399,1314875,569
"Assessment and Surveillance",2022-01-02,2496,3712883,0,2846,569
"Assessment and Surveillance",2022-01-03,2496,3723242,0,10359,569
"Assessment and Surveillance",2022-01-04,2496,3737322,0,14080,569
"Assessment and Surveillance",2022-01-05,2496,3749630,0,12308,569
"Assessment and Surveillance",2022-01-06,2496,3753034,0,3404,569
"Assessment and Surveillance",2022-01-07,2496,3768031,0,14997,569
"Assessment and Surveillance",2022-01-08,2496,3782029,0,13998,569
"Assessment and Surveillance",2022-01-09,2496,3797156,0,15127,569
"Assessment and Surveillance",2022-01-10,2497,3811368,1,14212,569
"Assessment and Surveillance",2022-01-11,2498,3825480,1,14112,569
"Assessment and Surveillance",2022-01-12,2498,3839588,0,14108,569
"Assessment and Surveillance",2022-01-13,2498,3854549,0,14961,569
"Assessment and Surveillance",2022-01-14,2498,3869555,0,15006,569
"Assessment and Surveillance",2022-01-15,2498,3872215,0,2660,569
"Coverage assessment",2020-12-27,328,524927,0,0,93
"Coverage assessment",2020-12-28,328,525437,0,510,93
"Coverage assessment",2020-12-29,328,525862,0,425,93
"Coverage assessment",2020-12-30,328,526637,0,775,93
"Coverage assessment",2020-12-31,328,527617,0,980,93
"COVID-19 and nutrition programming",2020-12-27,131,65878,0,0,84
"COVID-19 and nutrition programming",2020-12-28,131,66088,0,210,84
"COVID-19 and nutrition programming",2020-12-29,131,66308,0,220,84
"COVID-19 and nutrition programming",2020-12-30,131,66739,0,431,84
"COVID-19 and nutrition programming",2020-12-31,131,67147,0,408,84
"COVID-19 and nutrition programming",2022-01-01,137,156712,6,89565,87
"COVID-19 and nutrition programming",2022-01-02,137,157007,0,295,87
"COVID-19 and nutrition programming",2022-01-03,137,158533,0,1526,87
"COVID-19 and nutrition programming",2022-01-04,137,160676,0,2143,87
"COVID-19 and nutrition programming",2022-01-05,137,162525,0,1849,87
"COVID-19 and nutrition programming",2022-01-06,137,163167,0,642,87
"COVID-19 and nutrition programming",2022-01-07,137,165528,0,2361,87
"COVID-19 and nutrition programming",2022-01-08,137,167519,0,1991,87
"COVID-19 and nutrition programming",2022-01-09,137,169702,0,2183,87
"COVID-19 and nutrition programming",2022-01-10,137,171822,0,2120,87
"COVID-19 and nutrition programming",2022-01-11,137,173951,0,2129,87
"COVID-19 and nutrition programming",2022-01-12,137,176275,0,2324,87
"COVID-19 and nutrition programming",2022-01-13,137,178349,0,2074,87
"COVID-19 and nutrition programming",2022-01-14,137,180604,0,2255,87
"COVID-19 and nutrition programming",2022-01-15,137,180997,0,393,87
"Cross-cutting issues",2020-12-27,90,195370,0,0,47
"Cross-cutting issues",2020-12-28,90,195447,0,77,47
"Cross-cutting issues",2020-12-29,90,195553,0,106,47
"Cross-cutting issues",2020-12-30,90,195738,0,185,47
"Cross-cutting issues",2020-12-31,90,195961,0,223,47
"Cross-cutting issues",2022-01-01,90,242594,0,46633,48
"Cross-cutting issues",2022-01-02,90,242767,0,173,48
"Cross-cutting issues",2022-01-03,90,243648,0,881,48
"Cross-cutting issues",2022-01-04,90,244822,0,1174,48
"Cross-cutting issues",2022-01-05,90,245850,0,1028,48
"Cross-cutting issues",2022-01-06,90,246210,0,360,48
"Cross-cutting issues",2022-01-07,90,247434,0,1224,48
"Cross-cutting issues",2022-01-08,90,248521,0,1087,48
"Cross-cutting issues",2022-01-09,90,249784,0,1263,48
"Cross-cutting issues",2022-01-10,90,250948,0,1164,48
"Cross-cutting issues",2022-01-11,90,252121,0,1173,48
"Cross-cutting issues",2022-01-12,90,253417,0,1296,48
"Cross-cutting issues",2022-01-13,90,254575,0,1158,48
"Cross-cutting issues",2022-01-14,90,255785,0,1210,48
"Cross-cutting issues",2022-01-15,90,256002,0,217,48
"Food assistance",2020-12-27,63,161124,0,0,32
"Food assistance",2020-12-28,63,161289,0,165,32
"Food assistance",2020-12-29,63,161421,0,132,32
"Food assistance",2020-12-30,63,161689,0,268,32
"Food assistance",2020-12-31,63,161994,0,305,32
"Food assistance",2022-01-01,67,241052,4,79058,33
"Food assistance",2022-01-02,67,241161,0,109,33
"Food assistance",2022-01-03,67,241739,0,578,33
"Food assistance",2022-01-04,67,242550,0,811,33
"Food assistance",2022-01-05,67,243285,0,735,33
"Food assistance",2022-01-06,67,243529,0,244,33
"Food assistance",2022-01-07,67,244378,0,849,33
"Food assistance",2022-01-08,67,245147,0,769,33
"Food assistance",2022-01-09,67,246024,0,877,33
"Food assistance",2022-01-10,67,246829,0,805,33
"Food assistance",2022-01-11,67,247638,0,809,33
"Food assistance",2022-01-12,67,248531,0,893,33
"Food assistance",2022-01-13,67,249311,0,780,33
"Food assistance",2022-01-14,67,250167,0,856,33
"Food assistance",2022-01-15,67,250314,0,147,33
"Infant and young child feeding interventions",2020-12-27,721,903262,0,0,206
"Infant and young child feeding interventions",2020-12-28,721,903714,0,452,206
"Infant and young child feeding interventions",2020-12-29,721,904176,0,462,206
"Infant and young child feeding interventions",2020-12-30,721,905046,0,870,206
"Infant and young child feeding interventions",2020-12-31,721,906132,0,1086,206
"Infant and young child feeding interventions",2022-01-01,827,1145368,106,239236,238
"Infant and young child feeding interventions",2022-01-02,827,1146209,0,841,238
"Infant and young child feeding interventions",2022-01-03,827,1150654,0,4445,238
"Infant and young child feeding interventions",2022-01-04,828,1156602,1,5948,238
"Infant and young child feeding interventions",2022-01-05,830,1161852,2,5250,238
"Infant and young child feeding interventions",2022-01-06,830,1163570,0,1718,238
"Infant and young child feeding interventions",2022-01-07,830,1169522,0,5952,238
"Infant and young child feeding interventions",2022-01-08,830,1175015,0,5493,238
"Infant and young child feeding interventions",2022-01-09,830,1181266,0,6251,238
"Infant and young child feeding interventions",2022-01-10,830,1187149,0,5883,238
"Infant and young child feeding interventions",2022-01-11,830,1193023,0,5874,238
"Infant and young child feeding interventions",2022-01-12,830,1199390,0,6367,238
"Infant and young child feeding interventions",2022-01-13,830,1205035,0,5645,238
"Infant and young child feeding interventions",2022-01-14,830,1211094,0,6059,238
"Infant and young child feeding interventions",2022-01-15,830,1212162,0,1068,238
"Management of At Risk Mothers and Infants",2020-12-27,66,111141,0,0,27
"Management of At Risk Mothers and Infants",2020-12-28,66,111195,0,54,27
"Management of At Risk Mothers and Infants",2020-12-29,66,111254,0,59,27
"Management of At Risk Mothers and Infants",2020-12-30,66,111370,0,116,27
"Management of At Risk Mothers and Infants",2020-12-31,66,111505,0,135,27
"Management of small and nutritionally at risk infants under six months and their mothers (MAMI)",2022-01-01,85,152256,0,0,43
"Management of small and nutritionally at risk infants under six months and their mothers (MAMI)",2022-01-02,85,152400,0,144,43
"Management of small and nutritionally at risk infants under six months and their mothers (MAMI)",2022-01-03,85,153171,0,771,43
"Management of small and nutritionally at risk infants under six months and their mothers (MAMI)",2022-01-04,85,154210,0,1039,43
"Management of small and nutritionally at risk infants under six months and their mothers (MAMI)",2022-01-05,85,155131,0,921,43
"Management of small and nutritionally at risk infants under six months and their mothers (MAMI)",2022-01-06,85,155452,0,321,43
"Management of small and nutritionally at risk infants under six months and their mothers (MAMI)",2022-01-07,85,156552,0,1100,43
"Management of small and nutritionally at risk infants under six months and their mothers (MAMI)",2022-01-08,85,157608,0,1056,43
"Management of small and nutritionally at risk infants under six months and their mothers (MAMI)",2022-01-09,85,158735,0,1127,43
"Management of small and nutritionally at risk infants under six months and their mothers (MAMI)",2022-01-10,85,159801,0,1066,43
"Management of small and nutritionally at risk infants under six months and their mothers (MAMI)",2022-01-11,85,160855,0,1054,43
"Management of small and nutritionally at risk infants under six months and their mothers (MAMI)",2022-01-12,85,162024,0,1169,43
"Management of small and nutritionally at risk infants under six months and their mothers (MAMI)",2022-01-13,85,163046,0,1022,43
"Management of small and nutritionally at risk infants under six months and their mothers (MAMI)",2022-01-14,85,164130,0,1084,43
"Management of small and nutritionally at risk infants under six months and their mothers (MAMI)",2022-01-15,85,164328,0,198,43
"Management of wasting/acute malnutrition",2020-12-27,1850,2540112,0,0,535
"Management of wasting/acute malnutrition",2020-12-28,1850,2541353,0,1241,535
"Management of wasting/acute malnutrition",2020-12-29,1850,2542632,0,1279,535
"Management of wasting/acute malnutrition",2020-12-30,1850,2544925,0,2293,535
"Management of wasting/acute malnutrition",2020-12-31,1850,2547065,0,2140,535
"Management of wasting/acute malnutrition",2022-01-01,1934,3096521,84,549456,554
"Management of wasting/acute malnutrition",2022-01-02,1934,3098379,0,1858,554
"Management of wasting/acute malnutrition",2022-01-03,1934,3108076,0,9697,554
"Management of wasting/acute malnutrition",2022-01-04,1934,3122072,0,13996,554
"Management of wasting/acute malnutrition",2022-01-05,1934,3134193,0,12121,554
"Management of wasting/acute malnutrition",2022-01-06,1934,3137648,0,3455,554
"Management of wasting/acute malnutrition",2022-01-07,1934,3151432,0,13784,554
"Management of wasting/acute malnutrition",2022-01-08,1934,3164472,0,13040,554
"Management of wasting/acute malnutrition",2022-01-09,1934,3178990,0,14518,554
"Management of wasting/acute malnutrition",2022-01-10,1934,3192051,0,13061,554
"Management of wasting/acute malnutrition",2022-01-11,1935,3205183,1,13132,554
"Management of wasting/acute malnutrition",2022-01-12,1935,3218820,0,13637,554
"Management of wasting/acute malnutrition",2022-01-13,1935,3233212,0,14392,554
"Management of wasting/acute malnutrition",2022-01-14,1935,3247743,0,14531,554
"Management of wasting/acute malnutrition",2022-01-15,1935,3250329,0,2586,554
"Micronutrients",2020-12-27,122,243629,0,0,55
"Micronutrients",2020-12-28,122,243759,0,130,55
"Micronutrients",2020-12-29,122,243886,0,127,55
"Micronutrients",2020-12-30,122,244108,0,222,55
"Micronutrients",2020-12-31,122,244375,0,267,55
"Micronutrients",2022-01-01,123,297975,1,53600,56
"Micronutrients",2022-01-02,123,298140,0,165,56
"Micronutrients",2022-01-03,123,299102,0,962,56
"Micronutrients",2022-01-04,123,300507,0,1405,56
"Micronutrients",2022-01-05,123,301725,0,1218,56
"Micronutrients",2022-01-06,123,302137,0,412,56
"Micronutrients",2022-01-07,123,303527,0,1390,56
"Micronutrients",2022-01-08,123,304824,0,1297,56
"Micronutrients",2022-01-09,123,306298,0,1474,56
"Micronutrients",2022-01-10,123,307674,0,1376,56
"Micronutrients",2022-01-11,123,309046,0,1372,56
"Micronutrients",2022-01-12,123,310539,0,1493,56
"Micronutrients",2022-01-13,123,311838,0,1299,56
"Micronutrients",2022-01-14,123,313233,0,1395,56
"Micronutrients",2022-01-15,123,313480,0,247,56
"Multi-sector nutrition programming",2020-12-27,19,7114,0,0,3
"Multi-sector nutrition programming",2020-12-28,19,7121,0,7,3
"Multi-sector nutrition programming",2020-12-29,19,7127,0,6,3
"Multi-sector nutrition programming",2020-12-30,19,7141,0,14,3
"Multi-sector nutrition programming",2020-12-31,19,7158,0,17,3
"Other thematic area",2020-12-27,90,196119,0,0,52
"Other thematic area",2020-12-28,90,196219,0,100,52
"Other thematic area",2020-12-29,90,196321,0,102,52
"Other thematic area",2020-12-30,90,196521,0,200,52
"Other thematic area",2020-12-31,90,196755,0,234,52
"Other thematic area",2022-01-01,94,248137,4,51382,57
"Other thematic area",2022-01-02,94,248298,0,161,57
"Other thematic area",2022-01-03,94,249275,0,977,57
"Other thematic area",2022-01-04,94,250649,0,1374,57
"Other thematic area",2022-01-05,94,251861,0,1212,57
"Other thematic area",2022-01-06,94,252232,0,371,57
"Other thematic area",2022-01-07,94,253632,0,1400,57
"Other thematic area",2022-01-08,94,254919,0,1287,57
"Other thematic area",2022-01-09,94,256377,0,1458,57
"Other thematic area",2022-01-10,94,257706,0,1329,57
"Other thematic area",2022-01-11,94,259103,0,1397,57
"Other thematic area",2022-01-12,94,260624,0,1521,57
"Other thematic area",2022-01-13,94,261929,0,1305,57
"Other thematic area",2022-01-14,94,263361,0,1432,57
"Other thematic area",2022-01-15,94,263611,0,250,57
"Partnerships for research",2020-12-27,24,52911,0,0,18
"Partnerships for research",2020-12-28,24,52964,0,53,18
"Partnerships for research",2020-12-29,24,53002,0,38,18
"Partnerships for research",2020-12-30,24,53069,0,67,18
"Partnerships for research",2020-12-31,24,53158,0,89,18
"Partnerships for research",2022-01-01,25,69765,1,16607,19
"Partnerships for research",2022-01-02,25,69833,0,68,19
"Partnerships for research",2022-01-03,25,70151,0,318,19
"Partnerships for research",2022-01-04,25,70613,0,462,19
"Partnerships for research",2022-01-05,25,71016,0,403,19
"Partnerships for research",2022-01-06,25,71153,0,137,19
"Partnerships for research",2022-01-07,25,71608,0,455,19
"Partnerships for research",2022-01-08,25,72027,0,419,19
"Partnerships for research",2022-01-09,25,72534,0,507,19
"Partnerships for research",2022-01-10,25,72995,0,461,19
"Partnerships for research",2022-01-11,25,73462,0,467,19
"Partnerships for research",2022-01-12,25,73960,0,498,19
"Partnerships for research",2022-01-13,25,74403,0,443,19
"Partnerships for research",2022-01-14,25,74879,0,476,19
"Partnerships for research",2022-01-15,25,74959,0,80,19
"Prevention and management of stunting",2020-12-27,31,64439,0,0,21
"Prevention and management of stunting",2020-12-28,31,64482,0,43,21
"Prevention and management of stunting",2020-12-29,31,64520,0,38,21
"Prevention and management of stunting",2020-12-30,31,64607,0,87,21
"Prevention and management of stunting",2020-12-31,31,64708,0,101,21
"Prevention and management of stunting",2022-01-01,33,84317,2,19609,21
"Prevention and management of stunting",2022-01-02,33,84400,0,83,21
"Prevention and management of stunting",2022-01-03,33,84753,0,353,21
"Prevention and management of stunting",2022-01-04,33,85264,0,511,21
"Prevention and management of stunting",2022-01-05,33,85711,0,447,21
"Prevention and management of stunting",2022-01-06,33,85859,0,148,21
"Prevention and management of stunting",2022-01-07,33,86380,0,521,21
"Prevention and management of stunting",2022-01-08,33,86854,0,474,21
"Prevention and management of stunting",2022-01-09,33,87411,0,557,21
"Prevention and management of stunting",2022-01-10,33,87894,0,483,21
"Prevention and management of stunting",2022-01-11,33,88402,0,508,21
"Prevention and management of stunting",2022-01-12,33,88956,0,554,21
"Prevention and management of stunting",2022-01-13,33,89441,0,485,21
"Prevention and management of stunting",2022-01-14,33,89965,0,524,21
"Prevention and management of stunting",2022-01-15,33,90053,0,88,21
"Scaling Up Nutrition (SUN)",2020-12-27,112,186593,0,0,51
"Scaling Up Nutrition (SUN)",2020-12-28,112,186702,0,109,51
"Scaling Up Nutrition (SUN)",2020-12-29,112,186804,0,102,51
"Scaling Up Nutrition (SUN)",2020-12-30,112,187013,0,209,51
"Scaling Up Nutrition (SUN)",2020-12-31,112,187257,0,244,51
"Scaling Up Nutrition (SUN)",2022-01-01,132,249344,20,62087,56
"Scaling Up Nutrition (SUN)",2022-01-02,132,249528,0,184,56
"Scaling Up Nutrition (SUN)",2022-01-03,132,250539,0,1011,56
"Scaling Up Nutrition (SUN)",2022-01-04,132,251886,0,1347,56
"Scaling Up Nutrition (SUN)",2022-01-05,132,253103,0,1217,56
"Scaling Up Nutrition (SUN)",2022-01-06,132,253528,0,425,56
"Scaling Up Nutrition (SUN)",2022-01-07,132,254917,0,1389,56
"Scaling Up Nutrition (SUN)",2022-01-08,132,256174,0,1257,56
"Scaling Up Nutrition (SUN)",2022-01-09,132,257666,0,1492,56
"Scaling Up Nutrition (SUN)",2022-01-10,132,258987,0,1321,56
"Scaling Up Nutrition (SUN)",2022-01-11,132,260377,0,1390,56
"Scaling Up Nutrition (SUN)",2022-01-12,132,261925,0,1548,56
"Scaling Up Nutrition (SUN)",2022-01-13,132,263222,0,1297,56
"Scaling Up Nutrition (SUN)",2022-01-14,132,264637,0,1415,56
"Scaling Up Nutrition (SUN)",2022-01-15,132,264876,0,239,56
"Simplified Approaches for the Management of Acute Malnutrition",2020-12-27,22,9747,0,0,11
"Simplified Approaches for the Management of Acute Malnutrition",2020-12-28,22,9781,0,34,11
"Simplified Approaches for the Management of Acute Malnutrition",2020-12-29,22,9811,0,30,11
"Simplified Approaches for the Management of Acute Malnutrition",2020-12-30,26,9944,4,133,11
"Simplified Approaches for the Management of Acute Malnutrition",2020-12-31,26,9998,0,54,11
"Simplified Approaches for the Management of Acute Malnutrition",2022-01-01,37,25689,11,15691,17
"Simplified Approaches for the Management of Acute Malnutrition",2022-01-02,37,25753,0,64,17
"Simplified Approaches for the Management of Acute Malnutrition",2022-01-03,37,26056,0,303,17
"Simplified Approaches for the Management of Acute Malnutrition",2022-01-04,37,26475,0,419,17
"Simplified Approaches for the Management of Acute Malnutrition",2022-01-05,37,26851,0,376,17
"Simplified Approaches for the Management of Acute Malnutrition",2022-01-06,37,26977,0,126,17
"Simplified Approaches for the Management of Acute Malnutrition",2022-01-07,37,27404,0,427,17
"Simplified Approaches for the Management of Acute Malnutrition",2022-01-08,37,27780,0,376,17
"Simplified Approaches for the Management of Acute Malnutrition",2022-01-09,37,28202,0,422,17
"Simplified Approaches for the Management of Acute Malnutrition",2022-01-10,37,28597,0,395,17
"Simplified Approaches for the Management of Acute Malnutrition",2022-01-11,37,29008,0,411,17
"Simplified Approaches for the Management of Acute Malnutrition",2022-01-12,37,29435,0,427,17
"Simplified Approaches for the Management of Acute Malnutrition",2022-01-13,37,29826,0,391,17
"Simplified Approaches for the Management of Acute Malnutrition",2022-01-14,37,30253,0,427,17
"Simplified Approaches for the Management of Acute Malnutrition",2022-01-15,37,30330,0,77,17
"Upcoming trainings",2020-12-27,190,379488,0,0,92
"Upcoming trainings",2020-12-28,190,379656,0,168,92
"Upcoming trainings",2020-12-29,190,379862,0,206,92
"Upcoming trainings",2020-12-30,190,380205,0,343,92
"Upcoming trainings",2020-12-31,190,380642,0,437,92
"Upcoming trainings",2022-01-01,247,476079,57,95437,103
"Upcoming trainings",2022-01-02,247,476421,0,342,103
"Upcoming trainings",2022-01-03,247,478239,0,1818,103
"Upcoming trainings",2022-01-04,247,480841,0,2602,103
"Upcoming trainings",2022-01-05,247,483103,0,2262,103
"Upcoming trainings",2022-01-06,247,483796,0,693,103
"Upcoming trainings",2022-01-07,247,486309,0,2513,103
"Upcoming trainings",2022-01-08,247,488639,0,2330,103
"Upcoming trainings",2022-01-09,247,491310,0,2671,103
"Upcoming trainings",2022-01-10,247,493715,0,2405,103
"Upcoming trainings",2022-01-11,247,496238,0,2523,103
"Upcoming trainings",2022-01-12,247,498970,0,2732,103
"Upcoming trainings",2022-01-13,247,501366,0,2396,103
"Upcoming trainings",2022-01-14,247,503945,0,2579,103
"Upcoming trainings",2022-01-15,247,504411,0,466,103
